Size: 8

Zeros: 1

Gravity matrix (p):
  0  0  0  0  0  0 -1  1
  0  0  0  0  0 -1  2 -1
  0  0  0  0 -1  2 -1  0
  0  0  0 -1  2 -1  0  0
  0  0 -1  2 -1  0  0  0
  0 -1  2 -1  0  0  0  0
 -1  2 -1  0  0  0  0  0
  1 -1  0  0  0  0  0  0

Gravity matrix (p+):
  64  96 112 120 124 126 127 127
  96  80 104 116 122 125 126 127
 112 104  84 106 117 122 125 126
 120 116 106  85 106 117 122 124
 124 122 117 106  85 106 116 120
 126 125 122 117 106  84 104 112
 127 126 125 122 116 104  80  96
 127 127 126 124 120 112  96  64

Processing elapsed in 0,01s